253,19
253,18
253,17
253,16
253,15
253,14
253,13
253,12
253,11
253,10
253,9
253,8
253,7
253,6
253,5
253,4
253,3
253,2
253,1
253,0
252,9
252,8
252,7
252,6
252,5
252,4
252,3
252,2
252,1
252,0
73,81
73,80
73,79
73,78
73,77
73,76
73,75
73,74
73,73
73,72
73,71
73,70
73,69
73,68
73,67
73,66
73,65
73,64
73,35
73,34
73,33
73,32
73,31
73,30
73,29
73,28
73,27
73,26
73,25
73,24
73,23
73,22
73,21
73,20
73,19
73,18
73,17
73,16
73,15
73,14
73,13
73,12
73,11
73,10
73,9
73,8
73,7
73,6
73,5
73,4
73,3
73,2
73,1
73,0
4,2
3,6
3,5
3,4
3,3
3,2
3,1
3,0
2,11
180,5
2,10
2,9
180,6
4,1
4,3
2,8
180,1
4,0
2,7
180,7
2,5
199,1
2,4
2,2
199,3
1,2
199,0
0,447
0,439
180,3
0,434
0,446
0,433
0,428
180,0
0,426
1,1
0,425
1,3
0,411
1,0
0,402
99,1
0,346
0,322
99,3
0,311
99,0
0,301
2,1
0,243
2,6
2,3
2,0
0,9
0,353
0,310
0,305
0,308
0,304
0,303
0,302
0,307
0,12
0,369
0,10
0,8
0,0
0,440
0,300
0,352
0,299
0,438
0,298
0,437
0,297
0,436
0,296
0,435
0,295
0,370
0,294
0,351
0,293
0,432
0,292
0,431
0,291
0,430
0,290
0,429
0,289
0,349
0,288
0,427
0,287
0,343
0,286
0,285
0,424
0,284
0,345
0,283
0,422
0,282
0,421
0,281
0,338
0,280
0,419
0,279
0,418
0,278
0,417
0,277
0,416
0,276
0,415
0,275
73,82
73,83
73,85
73,86
73,88
73,89
73,91
73,93
73,94
73,96
73,97
73,99
73,101
73,102
73,104
73,105
73,107
73,108
73,110
73,112
73,113
73,115
73,116
73,128
73,130
73,131
73,133
73,134
73,136
73,137
73,139
73,141
73,142
73,144
73,145
73,147
73,149
73,150
73,152
73,153
73,155
73,156
73,158
73,160
73,161
73,163
73,164
73,166
73,168
73,169
73,171
73,172
73,174
73,176
73,177
73,179
73,180
73,182
73,183
73,192
73,194
73,195
73,197
73,198
73,200
73,202
73,203
73,205
73,206
73,208
73,209
73,211
73,213
73,214
73,216
73,217
73,219
73,221
73,222
77,1
77,2
77,4
77,5
99,2
115,1
115,2
116,0
116,1
116,3
126,1
126,2
130,0
130,1
130,3
130,5
132,0
132,2
132,3
136,1
136,2
138,0
138,2
138,3
139,1
139,2
146,0
146,2
146,3
148,1
148,2
152,0
152,1
152,3
155,1
155,2
158,0
158,1
158,3
167,1
167,2
168,0
168,1
168,3
169,0
169,2
169,4
169,5
179,1
179,2
179,4
179,6
180,2
181,0
181,1
181,3
181,4
182,1
182,3
182,4
183,0
183,1
183,3
183,5
183,6
184,1
184,2
184,4
184,6
184,7
186,0
186,1
186,3
186,4
186,6
186,8
186,9
187,1
187,2
187,4
187,6
188,0
188,2
188,3
188,5
188,6
188,8
188,10
188,11
188,13
188,14
189,1
189,3
189,4
189,6
190,0
190,2
190,3
191,0
191,2
191,3
191,5
192,0
192,2
192,4
193,0
193,2
193,3
194,0
194,2
194,3
194,5
195,0
195,2
195,3
195,5
196,1
196,2
196,4
197,0
197,2
197,4
198,0
198,2
198,3
198,5
199,2
199,5
200,1
200,2
200,4
200,5
201,1
201,3
201,4
201,6
201,7
201,9
201,10
201,12
201,14
201,15
201,17
201,18
201,20
201,22
201,23
201,25
201,26
201,28
201,29
201,31
201,33
201,34
201,36
201,37
201,39
201,41
201,42
201,44
201,45
201,47
201,49
201,50
201,52
201,53
201,55
201,56
201,58
201,60
201,61
201,63
201,64
201,66
201,68
201,69
201,71
201,72
201,74
201,75
201,77
201,79
201,80
201,82
201,83
201,85
201,87
201,88
201,90
201,91
201,93
201,94
201,129
201,131
201,132
201,134
201,135
202,1
202,3
202,4
203,1
203,2
203,4
203,6
203,7
203,9
203,10
203,12
203,13
203,15
203,17
203,18
204,0
204,1
204,3
205,0
205,1
205,3
205,4
205,6
206,0
206,2
206,4
206,5
207,1
207,2
208,0
208,2
208,3
209,0
209,1
209,3
209,4
209,6
211,1
211,2
211,4
212,0
212,2
212,4
212,5
212,7
212,8
212,10
212,12
212,13
212,15
212,16
212,18
212,19
212,21
212,23
212,24
212,26
212,27
212,29
212,31
212,32
212,34
212,35
212,37
212,38
213,1
213,3
213,4
214,1
214,2
215,0
215,2
215,3
216,1
216,2
216,4
217,0
217,3
218,1
218,3
219,1
219,2
220,0
220,3
221,0
221,3
221,4
224,1
224,3
225,1
226,0
226,1
227,0
227,1
228,0
228,2
228,3
229,1
229,3
230,1
231,0
231,1
232,0
232,1
234,0
234,1
234,3
234,5
235,0
235,3
236,0
236,3
237,1
237,3
237,5
239,0
239,3
240,0
240,3
241,1
241,3
242,0
242,1
243,0
243,3
244,0
244,3
244,4
245,1
245,3
247,1
248,0
248,1
251,0
251,1
251,3
251,2
248,3
247,3
247,0
245,0
244,1
243,1
242,3
241,4
241,0
240,1
239,1
237,4
237,0
236,1
235,1
234,4
234,2
232,3
231,3
230,3
230,0
229,0
228,1
227,3
226,3
225,3
225,0
224,0
221,1
220,1
219,3
219,0
218,0
217,1
216,3
216,0
215,1
214,3
214,0
213,2
213,0
212,36
212,33
212,30
212,28
212,25
212,22
212,20
212,17
212,14
212,11
212,9
212,6
212,3
212,1
211,3
211,0
209,5
209,2
208,4
208,1
207,3
207,0
206,3
206,1
205,5
205,2
204,4
204,2
203,19
203,16
203,14
203,11
203,8
203,5
203,3
203,0
202,2
202,0
201,133
201,130
201,128
201,92
201,89
201,86
201,84
201,81
201,78
201,76
201,73
201,70
201,67
201,65
201,62
201,59
201,57
201,54
201,51
201,48
201,46
201,43
201,40
201,38
201,35
201,32
201,30
201,27
201,24
201,21
201,19
201,16
201,13
201,11
201,8
201,5
201,2
201,0
200,3
200,0
199,4
198,4
198,1
197,3
197,1
196,3
196,0
195,4
195,1
194,4
194,1
193,4
193,1
192,3
192,1
191,4
191,1
190,4
190,1
189,5
189,2
189,0
188,12
188,9
188,7
188,4
188,1
187,5
187,3
187,0
186,7
186,5
186,2
184,8
184,5
184,3
184,0
183,4
183,2
182,5
182,2
182,0
181,2
180,4
179,5
179,3
179,0
169,3
169,1
168,2
167,3
167,0
158,2
155,3
155,0
152,2
148,3
148,0
146,1
139,3
139,0
138,1
136,3
136,0
132,1
130,4
130,2
126,3
126,0
116,2
115,3
115,0
77,6
77,3
77,0
73,220
73,218
73,215
73,212
73,210
73,207
73,204
73,201
73,199
73,196
73,193
73,184
73,181
73,178
73,175
73,173
73,170
73,167
73,165
73,162
73,159
73,157
73,154
73,151
73,148
73,146
73,143
73,140
73,138
73,135
73,132
73,129
73,117
73,114
73,111
73,109
73,106
73,103
73,100
73,98
73,95
73,92
73,90
73,87
73,84
0,368
0,274
0,413
0,273
0,412
0,272
0,409
0,271
0,408
0,270
0,407
0,269
0,333
0,268
0,405
0,267
0,404
0,266
0,403
0,265
0,264
0,401
0,263
0,400
0,262
0,399
0,261
0,398
0,260
0,397
0,259
0,396
0,258
0,365
0,257
0,394
0,256
0,255
0,392
0,254
0,391
0,253
0,390
0,252
0,389
0,251
0,388
0,250
0,387
0,249
0,386
0,248
0,385
0,247
0,384
0,246
0,383
0,245
0,382
0,244
0,381
0,242
0,380
0,241
0,379
0,240
0,378
0,239
0,377
0,238
0,420
0,237
0,375
0,236
0,335
0,235
0,410
0,234
0,372
0,233
0,443
0,232
0,332
0,231
0,367
0,230
0,366
0,229
0,442
0,228
0,364
0,227
0,363
0,226
0,362
0,225
0,361
0,224
0,360
0,223
0,359
0,222
0,358
0,221
0,357
0,220
0,324
0,219
0,355
0,218
0,341
0,217
0,393
0,216
0,414
0,215
0,406
0,214
0,350
0,213
0,212
0,320
0,211
0,347
0,210
0,445
0,209
0,356
0,208
0,344
0,207
0,395
0,206
0,342
0,205
0,376
0,204
0,340
0,203
0,339
0,202
0,374
0,201
0,337
0,200
0,336
0,199
0,371
0,198
0,334
0,197
0,373
0,196
0,444
0,195
0,331
0,194
0,330
0,193
0,329
0,192
0,328
0,63
0,327
0,62
0,326
0,61
0,325
0,60
0,354
0,59
0,323
0,58
0,321
0,57
0,348
0,56
0,319
0,55
0,318
0,54
0,317
0,53
0,316
0,52
0,315
0,51
0,314
0,50
0,313
0,49
0,312
0,48
0,423
0,47
0,309
0,46
0,306
0,45
0,441
0,6
0,5
0,1
0,11
0,4
0,2
0,3
0,7
